8 0.477099 0.561111 0.854962 0.488889 
13 0.769084 0.619444 0.0496183 0.0833333 
13 0.496183 0.652778 0.0458015 0.0833333 
13 0.583969 0.641667 0.0381679 0.0833333 
13 0.625954 0.633333 0.0458015 0.0777778 
13 0.541985 0.644444 0.0381679 0.0777778 
13 0.870229 0.608333 0.0458015 0.0833333 
13 0.257634 0.691667 0.0419847 0.0833333 
13 0.923664 0.602778 0.0534351 0.0944444 
13 0.131679 0.713889 0.0419847 0.105556 
13 0.818702 0.611111 0.0419847 0.0888889 
13 0.295802 0.683333 0.0343511 0.0777778 
