12 0.514981 0.566667 0.962547 0.644444 
13 0.631086 0.630556 0.0486891 0.0833333 
13 0.683521 0.605556 0.0486891 0.0888889 
13 0.88764 0.505556 0.0599251 0.1 
13 0.222846 0.822222 0.0262172 0.0555556 
13 0.250936 0.813889 0.0224719 0.05 
13 0.378277 0.752778 0.0299625 0.05 
13 0.335206 0.769444 0.0262172 0.05 
13 0.413858 0.741667 0.0262172 0.05 
13 0.11236 0.883333 0.0224719 0.0444444 
13 0.988764 0.455556 0.0224719 0.0888889 
13 0.0842697 0.886111 0.0262172 0.0388889 
13 0.235955 0.819444 0.0524345 0.05 
