8 0.508621 0.561224 0.896552 0.823129 
13 0.781609 0.863946 0.0862069 0.231293 
13 0.399425 0.707483 0.0517241 0.176871 
13 0.456897 0.727891 0.0574713 0.190476 
13 0.349138 0.683673 0.0488506 0.170068 
13 0.191092 0.540816 0.0316092 0.0884354 
13 0.158046 0.530612 0.0287356 0.0816327 
13 0.0718391 0.588435 0.0287356 0.0884354 
13 0.0201149 0.564626 0.0229885 0.0816327 
13 0.0431034 0.571429 0.0229885 0.0816327 
13 0.252874 0.680272 0.0287356 0.0952381 
13 0.0603448 0.585034 0.0517241 0.0816327 
