12 0.47541 0.472678 0.942623 0.672131 
13 0.346311 0.622951 0.0778688 0.142077 
13 0.694672 0.625683 0.0696721 0.103825 
13 0.788934 0.601093 0.0778688 0.10929 
13 0.276639 0.644809 0.0696721 0.142077 
13 0.534836 0.663934 0.0532787 0.0928962 
13 0.606557 0.644809 0.0655738 0.0983607 
13 0.206967 0.734973 0.0368852 0.0710383 
13 0.0655738 0.773224 0.0327869 0.0601093 
13 0.17418 0.743169 0.0286885 0.0655738 
13 0.594262 0.519126 0.122951 0.218579 
13 0.151639 0.740437 0.0245902 0.0710383 
13 0.190574 0.740437 0.0614754 0.0601093 
