12 0.515021 0.577778 0.961373 0.633333 
13 0.609442 0.688889 0.0515021 0.122222 
13 0.560086 0.694444 0.0472103 0.122222 
13 0.733906 0.663889 0.0515021 0.116667 
13 0.354077 0.744444 0.0386266 0.1 
13 0.261803 0.766667 0.0429185 0.111111 
13 0.388412 0.738889 0.0386266 0.111111 
13 0.201717 0.777778 0.0343348 0.1 
13 0.113734 0.797222 0.0386266 0.105556 
13 0.427039 0.730556 0.0472103 0.116667 
13 0.0600858 0.8 0.0343348 0.1 
13 0.0901288 0.802778 0.0343348 0.0944444 
13 0.233906 0.772222 0.0386266 0.1 
