12 0.484979 0.594444 0.944206 0.744444 
13 0.521459 0.719444 0.0472103 0.116667 
13 0.33691 0.630556 0.0472103 0.116667 
13 0.641631 0.783333 0.055794 0.122222 
13 0.472103 0.7 0.0515021 0.122222 
13 0.171674 0.55 0.0343348 0.1 
13 0.11588 0.533333 0.0343348 0.0777778 
13 0.270386 0.608333 0.0429185 0.0944444 
13 0.0300429 0.475 0.0343348 0.0944444 
13 0.298283 0.619444 0.0386266 0.105556 
13 0.143777 0.538889 0.0300429 0.0888889 
13 0.56867 0.733333 0.0386266 0.1 
13 0.223176 0.591667 0.0343348 0.0722222 
13 0.0128755 0.469444 0.0257511 0.0944444 
