12 0.478541 0.586111 0.939914 0.527778 
13 0.51073 0.730556 0.0515021 0.127778 
13 0.55794 0.733333 0.0515021 0.133333 
13 0.684549 0.747222 0.055794 0.127778 
13 0.2103 0.708333 0.0429185 0.105556 
13 0.339056 0.722222 0.0429185 0.111111 
13 0.304721 0.713889 0.0429185 0.116667 
13 0.379828 0.722222 0.0472103 0.122222 
13 0.0622318 0.691667 0.0386266 0.0944444 
13 0.150215 0.702778 0.0343348 0.0944444 
13 0.180258 0.705556 0.0343348 0.1 
13 0.0236052 0.688889 0.0300429 0.0888889 
13 0.0364807 0.691667 0.0386266 0.0944444 
