12 0.469799 0.510152 0.912752 0.604061 
13 0.545302 0.64467 0.0369128 0.111675 
13 0.614094 0.63198 0.0402685 0.116751 
13 0.402685 0.677665 0.0402685 0.116751 
13 0.104027 0.751269 0.0268456 0.0913706 
13 0.436242 0.675127 0.033557 0.111675 
13 0.72651 0.611675 0.0369128 0.106599 
13 0.577181 0.642132 0.033557 0.116751 
13 0.0318792 0.774112 0.0302013 0.0862944 
13 0.16443 0.741117 0.033557 0.101523 
13 0.130872 0.748731 0.0268456 0.0964467 
13 0.684564 0.601523 0.033557 0.0862944 
13 0.011745 0.774112 0.0234899 0.0862944 
13 0.119128 0.751269 0.057047 0.0913706 
