12 0.42953 0.553299 0.852349 0.812183 
13 0.562081 0.703046 0.0436242 0.116751 
13 0.144295 0.444162 0.033557 0.116751 
13 0.528524 0.690355 0.0369128 0.111675 
13 0.667785 0.771574 0.0402685 0.111675 
13 0.0268456 0.373096 0.033557 0.106599 
13 0.36745 0.583756 0.0369128 0.111675 
13 0.5 0.675127 0.033557 0.101523 
13 0.635906 0.733503 0.0369128 0.0964467 
13 0.110738 0.431472 0.033557 0.101523 
13 0.102349 0.428934 0.0302013 0.0964467 
13 0.394295 0.593909 0.0369128 0.121827 
13 0.921141 0.510152 0.0302013 0.0659898 
