8 0.470696 0.541436 0.934066 0.309392 
13 0.835165 0.643646 0.0512821 0.0828729 
13 0.732601 0.638122 0.0512821 0.0828729 
13 0.600733 0.635359 0.043956 0.0773481 
13 0.783883 0.640884 0.043956 0.0773481 
13 0.518315 0.640884 0.040293 0.0773481 
13 0.558608 0.640884 0.040293 0.0773481 
13 0.474359 0.643646 0.040293 0.0718232 
13 0.884615 0.643646 0.047619 0.0828729 
13 0.241758 0.654696 0.043956 0.0828729 
13 0.119048 0.649171 0.040293 0.0939227 
13 0.28022 0.649171 0.032967 0.0828729 
13 0.53663 0.640884 0.0769231 0.0773481 
