12 0.467033 0.588398 0.919414 0.414365 
13 0.595238 0.638122 0.047619 0.0828729 
13 0.510989 0.651934 0.040293 0.0773481 
13 0.728938 0.618785 0.0512821 0.0883978 
13 0.831502 0.607735 0.043956 0.0773481 
13 0.778388 0.61326 0.047619 0.0883978 
13 0.465201 0.662983 0.043956 0.0773481 
13 0.882784 0.599447 0.0512821 0.0828729 
13 0.234432 0.712707 0.043956 0.0883978 
13 0.10989 0.734807 0.03663 0.0994475 
13 0.549451 0.646409 0.043956 0.0773481 
13 0.271062 0.701657 0.03663 0.0773481 
13 0.0128205 0.78453 0.025641 0.0552486 
