12 0.441392 0.585635 0.868132 0.662983 
13 0.564103 0.690608 0.043956 0.0773481 
13 0.43956 0.632597 0.043956 0.0828729 
13 0.483516 0.651934 0.03663 0.0773481 
13 0.690476 0.759669 0.047619 0.0828729 
13 0.836996 0.834254 0.0549451 0.0883978 
13 0.738095 0.78453 0.047619 0.0883978 
13 0.787546 0.814917 0.043956 0.0828729 
13 0.521978 0.671271 0.040293 0.0718232 
13 0.0989011 0.477901 0.043956 0.104972 
13 0.214286 0.530387 0.047619 0.0883978 
13 0.285714 0.552486 0.03663 0.0883978 
13 0.250916 0.541436 0.032967 0.0883978 
13 0.271062 0.546961 0.0586081 0.0883978 
