12 0.510903 0.572222 0.94704 0.766667 
13 0.761682 0.861111 0.0903427 0.177778 
13 0.520249 0.666667 0.0623053 0.133333 
13 0.464174 0.630556 0.0498442 0.127778 
13 0.216511 0.455556 0.0404984 0.1 
13 0.250779 0.477778 0.0342679 0.1 
13 0.0919003 0.383333 0.0280374 0.0666667 
13 0.311526 0.519444 0.0373832 0.0833333 
13 0.0451713 0.361111 0.0218069 0.0666667 
13 0.283489 0.505556 0.0373832 0.0888889 
13 0.26947 0.488889 0.0404984 0.0888889 
13 0.0545171 0.363889 0.0280374 0.0611111 
13 0.0700935 0.372222 0.0280374 0.0666667 
13 0.378505 0.558333 0.0280374 0.0611111 
