12 0.515152 0.597222 0.969697 0.627778 
13 0.690476 0.597222 0.047619 0.0833333 
13 0.645022 0.619444 0.04329 0.0722222 
13 0.549784 0.652778 0.0519481 0.0833333 
13 0.948052 0.513889 0.0519481 0.0722222 
13 0.891775 0.530556 0.0519481 0.0833333 
13 0.599567 0.636111 0.047619 0.0722222 
13 0.833333 0.55 0.0649351 0.0777778 
13 0.162338 0.808333 0.047619 0.105556 
13 0.989177 0.497222 0.021645 0.0833333 
13 0.300866 0.758333 0.047619 0.0833333 
13 0.341991 0.733333 0.034632 0.0777778 
13 0.374459 0.725 0.047619 0.0722222 
