12 0.516026 0.522222 0.935897 0.322222 
13 0.253205 0.630556 0.0320513 0.0611111 
13 0.341346 0.630556 0.0352564 0.0722222 
13 0.102564 0.636111 0.0384615 0.0722222 
13 0.540064 0.627778 0.0352564 0.0666667 
13 0.298077 0.633333 0.0384615 0.0666667 
13 0.467949 0.630556 0.0320513 0.0611111 
13 0.503205 0.630556 0.0320513 0.0611111 
13 0.815705 0.627778 0.0288462 0.0555556 
13 0.783654 0.627778 0.0288462 0.0555556 
13 0.844551 0.627778 0.0224359 0.0555556 
13 0.948718 0.630556 0.025641 0.0611111 
